68
177
41
172
86
143
168
177
21
80
181
60
139
190
84
126
200
35
94
200
31
19
48
1
183
136
44
128
39
59
154
134
100
70
11
154
156
83
94
36
171
124
50
110
12
26
141
70
79
85
92
57
163
83
74
154
80
182
88
126
109
17
103
160
77
13
52
12
171
114
69
149
4
10
9
170
128
20
45
171
125
198
147
107
40
97
31
160
34
109
101
188
177
157
109
84
16
106
112
189
43
138
119
99
120
29
195
41
96
174
35
110
194
27
59
162
168
104
57
140
71
154
179
2
180
18
153
20
54
123
144
87
96
170
23
168
56
95
82
14
41
45
29
16
148
57
40
170
192
102
19
179
74
142
68
80
121
45
26
199
185
170
125
43
187
126
8
149
163
60
68
171
197
55
68
80
32
71
14
38
120
55
153
149
180
133
80
42
144
177
136
182
82
97
107
106
147
138
31
157
6
168
179
18
66
21
117
137
87
62
44
159
15
22
25
51
118
52
135
132
27
143
54
182
37
37
70
161
10
25
127
65
105
22
130
34
44
173
45
47
115
97
131
144
1
146
51
7
7
162
189
139
48
82
60
135
150
16
194
91
120
67
40
134
143
26
196
44
109
190
115
87
33
49
79
18
151
167
52
112
12
190
151
108
183
115
136
55
39
92
6
141
63
191
79
68
197
167
196
13
51
6
146
139
89
153
11
77
67
62
184
103
70
16
100
178
121
26
135
117
66
16
44
93
36
124
55
170
187
115
83
46
179
4
17
125
91
95
106
32
151
131
84
160
53
182
106
130
36
81
121
49
73
110
177
8
18
152
110
7
111
189
4
192
119
58
35
41
162
83
154
168
180
66
136
199
199
37
145
112
168
149
9
139
177
13
178
153
192
166
195
36
192
175
20
8
25
77
39
138
45
59
66
105
167
98
164
143
149
194
14
141
199
131
60
53
167
58
166
66
187
109
36
71
150
189
196
12
109
191
9
133
197
198
72
76
149
41
143
193
56
139
13
77
20
37
124
26
69
60
20
97
178
61
79
196
120
67
149
57
60
81
181
24
36
60
119
188
79
154
63
175
193
51
38
195
84
180
110
178
33
171
132
58
166
63
5
69
200
119
135
184
189
173
16
87
152
110
100
31
98
127
75
17
161
99
144
73
175
115
7
109
141
113
15
23
158
49
181
198
1
67
185
139
2
111
164
9
88
107
178
65
18
64
154
81
74
127
40
86
159
183
54
55
62
82
73
36
65
146
156
47
57
7
147
159
13
193
45
56
134
119
195
166
88
151
109
60
112
169
168
164
197
64
74
54
39
108
26
199
108
6
42
59
44
21
45
68
4
93
95
47
46
83
117
149
143
46
168
28
131
35
108
148
25
115
106
136
31
112
38
180
58
28
13
111
3
86
116
52
15
143
125
118
134
41
90
159
148
189
43
171
27
106
102
44
163
128
198
74
87
127
125
149
103
137
3
39
147
124
47
9
90
5
146
119
121
113
10
116
129
156
108
9
180
34
35
101
128
83
147
152
168
52
196
43
188
74
21
51
62
133
77
26
35
1
156
36
103
179
34
157
193
5
125
61
27
20
136
129
178
176
146
66
157
59
78
62
131
196
161
153
192
46
148
122
21
138
15
138
67
4
93
132
31
79
21
148
53
148
13
10
144
151
60
31
15
28
62
22
29
155
114
121
158
46
142
91
117
200
54
45
160
25
189
112
174
134
72
110
15
184
154
136
68
52
187
186
111
25
47
142
153
105
100
174
197
63
74
3
174
119
185
179
35
72
131
110
200
58
50
92
172
84
113
155
48
109
10
183
126
66
87
116
183
95
75
110
67
56
113
195
20
173
115
138
72
5
84
41
134
124
196
185
12
40
153
173
55
134
65
147
133
102
155
95
182
107
69
8
29
28
128
113
75
44
172
65
190
105
97
195
136
114
64
66
45
146
142
161
56
11
95
173
183
81
130
197
145
30
174
32
148
173
83
182
63
199
114
109
180
157
51
160
29
15
181
26
4
97
163
24
186
66
72
46
59
200
35
29
184
158
88
6
8
94
89
159
61
172
48
95
148
100
112
83
152
72
31
65
98
176
116
19
124
97
73
122
157
141
23
85
130
1
197
12
191
83
88
38
87
135
42
26
145
121
56
5
174
200
80
62
147
149
95
143
26
141
141
20
186
20
27
136
194
140
167
27
11
138
165
36
13
36
178
162
150
21
22
81
157
55
145
126
89
142
135
30
62
123
169
158
116
86
85
195
185
49
40
11
181
1
91
114
43
23
22
94
80
41
22
176
180
69
181
11
154
169
40
122
193
78
72
89
38
62
99
15
50
87
121
28
144
127
72
177
75
95
38
113
189
129
178
3
110
47
193
181
199
32
162
33
137
29
98
6
119
195
113
79
156
103
24
80
145
180
135
121
113
54
169
90
103
187
35
125
30
75
132
193
199
107
112
120
185
137
140
151
103
191
25
47
188
60
94
33
197
166
77
180
22
104
80
150
74
156
124
164
95
78
67
179
10
106
81
29
148
182
12
175
73
36
181
136
82
199
197
102
40
86
76
81
67
49
185
111
128
11
126
32
122
137
73
152
152
78
15
154
121
114
155
72
187
32
38
60
49
23
38
13
34
64
54
44
31
3
129
78
146
14
159
97
168
161
191
178
200
169
60
102
173
42
92
142
71
155
33
94
20
163
64
156
42
18
17
51
59
81
169
200
115
71
71
26
181
56
22
10
88
49
186
154
96
64
26
140
47
199
94
43
149
182
133
82
106
51
35
189
74
161
35
104
76
35
83
133
51
168
106
53
171
92
184
43
125
120
175
164
155
178
161
16
132
155
130
12
140
132
89
155
28
22
1
59
45
64
53
33
34
22
69
8
20
40
57
160
186
62
145
192
138
189
169
103
12
14
176
137
11
75
46
38
33
148
82
149
142
121
150
4
30
180
102
43
96
68
87
124
134
54
74
42
199
177
39
120
3
24
79
135
115
117
164
38
195
147
78
85
6
43
45
134
3
59
179
8
88
187
135
101
140
135
83
142
46
177
156
156
101
65
190
130
31
154
178
58
136
89
77
31
138
191
118
170
191
93
39
175
123
161
7
30
4
166
170
195
189
157
137
46
71
73
69
173
123
186
167
181
101
75
7
38
127
200
50
156
30
165
83
41
182
65
1
172
142
14
53
133
115
75
87
7
94
163
27
55
19
53
91
198
25
99
119
181
82
36
182
33
34
2
52
66
69
48
179
127
165
186
121
14
200
162
27
5
31
193
150
52
126
155
33
8
84
6
168
77
147
95
30
47
6
3
135
175
83
154
138
147
183
27
106
130
136
131
10
32
127
44
75
170
159
115
95
42
137
46
186
27
67
62
111
162
144
34
22
171
193
145
127
101
111
122
51
22
50
150
171
185
56
23
8
157
185
45
125
108
44
58
154
102
81
179
67
167
169
91
184
72
4
58
67
112
146
77
8
153
121
173
32
43
24
146
160
59
81
120
183
43
51
165
193
20
73
187
143
145
162
177
112
91
99
173
68
199
20
115
129
198
196
6
166
186
90
176
16
56
113
164
181
58
150
178
48
86
138
152
70
166
1
102
35
38
30
94
52
167
107
10
104
163
168
46
116
67
114
60
83
185
104
156
199
20
166
13
176
112
78
146
41
114
24
96
76
128
6
69
1
29
1
3
188
25
99
118
68
72
38
96
25
112
23
112
25
169
80
171
120
131
152
120
121
142
180
163
100
12
77
11
84
78
43
129
144
68
129
47
33
100
47
156
68
174
2
192
17
19
26
168
4
120
162
169
188
192
133
182
60
23
24
35
41
129
77
51
38
3
46
45
70
147
120
93
57
23
72
185
154
162
153
34
126
153
15
50
133
69
126
138
3
116
128
48
170
64
191
143
122
200
56
167
162
72
93
84
76
108
3
155
177
117
69
109
33
156
128
68
93
46
185
139
61
197
125
194
187
92
65
49
59
17
11
73
74
102
9
57
171
106
87
188
178
38
119
191
22
96
111
118
58
122
100
60
5
169
91
62
138
127
166
125
4
188
123
128
101
173
131
16
107
5
4
107
119
59
50
90
123
51
69
40
81
121
18
131
79
37
147
1
115
164
149
53
187
73
123
93
86
28
127
90
121
19
17
188
177
89
114
49
109
54
189
117
181
94
49
133
153
7
68
95
97
86
71
8
124
170
2
188
91
134
135
116
31
46
22
186
88
89
121
110
156
30
93
159
180
131
32
23
120
7
195
5
200
119
169
126
113
183
62
175
75
24
151
129
108
186
162
189
192
126
88
54
158
173
6
76
133
173
134
32
24
99
97
105
166
34
76
128
151
78
48
167
176
167
157
167
120
18
34
48
12
188
155
142
23
167
28
153
114
56
25
172
138
149
25
89
107
176
118
8
50
34
19
158
60
63
118
64
196
135
80
55
60
157
199
100
92
185
185
170
166
161
158
5
170
99
148
192
61
166
153
114
49
3
14
164
145
98
177
49
37
64
148
21
193
92
130
114
136
106
185
136
163
194
116
113
131
172
105
167
113
1
122
7
86
158
43
165
53
70
165
158
123
53
102
16
32
139
140
41
155
117
153
49
24
18
169
139
192
143
66
46
19
70
53
41
90
3
31
129
41
160
69
38
26
68
183
165
106
76
94
100
47
200
35
60
164
47
16
148
102
192
55
37
34
73
194
103
159
159
165
145
151
173
114
58
115
22
24
99
151
67
28
101
140
65
117
160
81
28
136
146
104
122
29
186
13
46
11
158
84
17
46
69
151
13
74
72
54
30
54
190
118
88
75
84
153
117
115
131
196
164
107
182
130
59
171
126
78
85
29
93
116
117
96
200
22
186
81
133
164
165
7
44
72
177
149
176
193
59
80
151
154
187
60
176
90
151
140
153
56
79
99
47
66
72
147
64
123
50
18
77
105
2
167
66
71
155
30
29
30
145
131
22
70
137
140
53
106
166
15
184
99
197
90
17
3
10
73
91
176
23
6
132
125
63
129
100
85
41
29
129
184
27
141
23
132
156
133
128
142
117
187
34
2
102
114
63
168
96
45
142
57
127
111
75
51
107
32
69
73
40
7
24
155
12
54
154
88
183
148
172
40
136
171
98
167
65
196
19
86
91
138
113
144
199
174
169
164
10
165
59
151
24
126
59
9
6
55
111
15
13
35
8
141
89
180
25
168
44
150
1
195
158
78
149
92
19
186
141
101
198
115
161
86
21
80
195
195
74
129
173
126
68
61
105
154
56
184
12
173
196
178
176
126
128
191
194
153
78
126
82
87
89
108
190
110
102
10
4
129
79
1
111
28
101
25
157
61
94
65
98
192
134
193
147
66
115
129
85
126
190
29
111
183
52
79
194
83
181
97
14
170
37
98
57
157
56
147
177
45
52
133
31
170
24
100
91
135
46
92
180
194
33
64
114
136
50
190
58
52
27
187
60
93
86
158
88
151
127
42
189
183
152
47
15
195
91
39
22
134
13
73
80
120
63
50
18
8
183
82
146
115
32
24
6
25
82
190
86
124
1
95
44
155
55
124
41
31
152
104
52
155
49
73
96
193
148
150
196
175
95
103
53
198
50
159
145
19
171
112
3
2
157
27
12
139
195
121
173
1
182
127
167
52
28
132
61
138
65
37
107
11
106
71
17
174
131
135
85
67
5
24
25
132
148
101
38
120
129
94
175
181
105
30
96
161
122
188
157
96
159
175
103
82
111
34
135
80
40
163
84
106
89
91
101
142
45
60
191
130
28
76
138
98
137
141
6
88
26
79
195
161
18
175
168
42
37
169
170
197
76
170
56
11
157
59
56
37
5
60
8
174
152
165
90
92
197
15
97
123
186
17
150
167
75
79
143
58
90
114
185
180
151
24
136
152
36
122
63
181
190
31
10
56
190
5
32
116
183
106
48
137
192
178
90
15
29
22
41
179
160
150
94
100
113
99
117
183
172
84
7
1
43
30
146
49
114
174
163
145
149
99
105
33
80
14
10
123
103
74
196
124
159
199
29
141
169
121
176
73
39
47
27
121
14
176
21
87
144
51
108
146
37
187
128
196
56
50
108
99
44
7
120
72
14
85
78
73
107
74
166
63
160
118
134
131
175
87
125
199
196
141
180
185
127
141
192
198
63
85
103
7
79
191
116
26
138
120
57
19
107
40
113
146
181
161
134
166
11
87
105
32
188
147
192
3
106
17
59
130
1
101
8
52
33
97
29
166
170
19
94
90
55
184
139
103
118
96
150
87
44
180
52
21
63
150
179
108
29
138
28
121
93
197
170
64
57
111
163
120
71
177
10
151
123
70
164
22
79
148
101
15
172
82
98
189
34
99
164
25
193
123
116
39
154
69
168
178
183
17
9
52
171
99
94
62
66
117
158
167
13
174
69
5
77
173
127
128
139
146
140
79
125
80
80
164
34
58
114
108
191
147
72
69
144
37
7
106
50
18
156
98
18
124
188
11
75
23
180
146
87
81
113
27
19
45
58
176
156
168
59
31
171
127
196
122
25
131
93
80
133
192
19
89
140
195
151
94
142
170
122
154
35
66
66
109
57
27
41
88
106
89
97
116
123
38
160
133
33
55
181
45
55
82
138
7
51
111
68
38
134
38
47
33
172
55
100
75
37
81
58
156
172
185
163
141
145
124
182
194
102
124
130
118
81
178
9
156
58
177
194
96
185
23
87
177
158
96
195
44
28
143
176
41
164
29
105
179
152
142
12
137
55
9
198
12
25
105
145
1
64
192
91
3
86
93
193
128
110
73
172
178
64
175
54
117
144
70
110
28
67
82
11
83
165
18
109
6
176
49
104
171
14
89
24
190
147
159
6
42
26
81
176
74
90
5
19
129
171
138
35
42
36
98
191
128
123
86
171
45
145
86
15
118
130
78
42
118
68
109
138
102
179
25
116
177
199
183
128
23
132
168
2
102
127
70
10
29
150
62
118
159
122
21
109
143
135
9
81
84
149
61
195
119
188
162
18
103
50
19
135
78
148
164
70
75
137
130
13
13
82
59
168
2
54
193
8
13
19
177
51
159
159
157
78
190
97
81
50
58
92
71
111
21
59
167
63
13
189
145
85
132
45
197
104
14
54
121
108
64
140
150
24
37
195
48
177
194
52
145
4
182
123
55
141
108
7
58
27
195
190
133
12
9
11
150
24
9
140
38
10
125
108
190
86
182
151
154
142
41
110
187
123
100
21
132
129
168
57
49
91
189
116
12
107
2
159
155
32
70
62
160
149
162
170
2
116
199
87
84
107
145
4
23
133
62
192
150
52
133
175
129
159
151
95
41
147
46
1
175
152
175
49
122
120
110
127
40
13
160
132
177
19
118
47
18
119
19
116
110
32
13
120
160
159
56
31
98
76
160
40
102
197
38
25
123
179
62
68
66
57
16
137
137
86
126
38
180
130
152
95
161
72
61
57
45
85
167
137
112
156
105
181
14
150
169
199
7
110
148
128
166
27
6
57
30
126
182
151
42
180
46
18
24
40
54
173
48
109
107
104
83
155
118
70
97
142
100
3
39
103
118
120
31
10
151
99
63
7
14
115
174
48
98
20
194
45
79
107
125
43
85
101
181
66
193
107
153
35
17
145
103
38
2
43
143
51
137
190
106
186
134
78
112
43
65
70
10
142
173
4
144
23
162
195
93
175
177
161
85
115
82
76
80
174
132
132
91
83
77
117
136
169
109
187
190
116
13
15
139
159
22
4
63
198
142
17
58
68
160
17
193
200
1
195
35
87
145
58
67
176
43
188
111
108
131
145
188
109
162
157
79
108
166
141
85
93
158
61
150
156
85
40
158
123
61
8
146
157
76
15
88
103
168
65
176
75
10
12
136
42
90
159
136
180
50
64
165
73
74
182
190
179
4
130
15
102
146
198
95
180
106
116
89
27
149
17
21
185
98
140
125
191
47
26
174
71
21
7
5
35
5
23
53
114
33
23
25
29
37
143
97
147
72
46
169
44
94
164
100
161
153
94
166
86
172
189
167
140
6
46
53
117
4
48
195
142
79
104
113
173
160
179
194
185
108
138
16
74
125
172
4
117
107
31
2
153
61
92
194
170
77
142
99
189
158
79
14
67
54
4
89
144
125
185
135
117
20
68
20
146
70
145
52
8
48
152
46
97
181
98
2
91
171
120
51
54
93
96
174
88
14
92
180
37
45
88
111
155
47
128
104
71
68
87
149
159
198
167
70
164
2
156
14
109
132
48
188
56
119
178
66
21
132
76
133
132
98
78
113
185
44
137
116
21
40
80
179
51
168
171
92
25
19
193
159
124
185
98
77
109
193
171
160
118
113
98
95
139
73
194
140
86
54
18
70
63
86
150
75
63
27
71
148
40
52
151
103
34
43
12
129
105
10
165
16
60
85
186
134
68
188
165
62
174
163
165
25
83
106
69
71
124
175
33
198
105
194
36
138
130
40
90
69
105
110
38
61
4
105
124
2
153
144
74
79
165
39
163
50
28
96
184
91
53
48
112
118
95
129
177
132
140
123
6
92
113
168
59
87
52
192
123
61
50
81
128
124
132
139
155
105
65
5
109
11
185
98
113
188
39
101
106
76
171
52
2
61
100
16
172
97
102
186
107
109
55
138
27
10
188
89
2
178
102
85
54
88
64
167
197
13
74
127
187
94
165
87
76
172
143
177
122
39
130
34
93
4
48
111
164
144
27
172
157
103
69
133
66
146
42
7
11
47
156
154
161
33
5
54
116
28
90
50
34
71
131
165
52
174
64
115
87
62
119
1
55
163
32
53
182
31
152
30
4
36
88
18
159
40
124
151
122
41
61
180
96
23
77
170
83
130
104
37
37
113
118
196
183
74
187
2
36
179
31
184
143
109
161
18
128
39
188
55
76
11
125
157
123
190
21
1
106
164
144
53
115
93
143
115
4
170
157
176
183
50
78
90
172
46
104
179
176
42
39
26
16
73
192
6
25
92
130
160
200
12
180
165
59
136
127
28
102
20
180
44
12
101
155
125
24
20
104
87
144
88
195
98
107
117
130
91
184
175
85
43
8
171
193
162
3
44
32
2
3
51
5
112
116
179
99
51
84
13
88
50
129
161
18
74
75
170
103
187
27
147
30
75
199
99
152
134
175
61
196
156
191
11
183
146
69
158
55
157
21
26
96
56
121
94
198
139
182
198
30
158
161
6
169
122
45
11
18
119
130
36
8
92
132
143
145
192
58
184
9
71
83
7
187
12
158
198
161
194
191
199
82
44
104
165
113
132
53
29
96
140
100
95
86
172
198
57
196
7
122
131
103
140
163
104
43
6
170
141
196
188
82
44
77
114
98
106
24
191
23
63
23
61
80
182
26
179
26
187
186
36
199
99
161
182
61
126
57
83
100
193
77
109
166
39
75
117
109
41
112
40
105
94
111
58
27
124
37
18
126
1
33
80
30
196
114
141
77
80
4
163
84
21
39
110
168
165
84
99
5
48
89
60
75
86
143
31
73
113
193
22
135
82
2
176
169
125
46
148
18
42
169
47
19
44
128
128
58
82
85
64
166
24
23
102
72
131
193
122
53
192
90
15
97
137
15
178
83
39
5
186
138
42
96
123
185
190
44
167
41
189
45
70
60
184
53
190
36
79
65
18
32
83
199
75
113
80
36
70
91
151
127
97
93
90
193
184
121
107
1
3
190
181
119
156
5
28
2
108
10
112
103
30
199
93
92
7
36
42
122
199
90
55
3
104
125
16
12
14
197
162
90
141
118
6
126
158
20
110
106
85
96
137
88
154
83
59
95
130
63
50
78
109
91
27
163
49
139
83
6
64
182
188
90
15
170
143
8
161
20
85
37
137
79
37
41
133
83
175
57
184
70
42
159
3
65
62
159
104
21
2
28
196
192
129
184
104
186
143
98
70
27
63
87
34
101
8
50
171
11
37
13
33
164
7
120
164
114
200
129
97
92
29
179
3
116
122
64
6
75
58
132
55
47
110
152
175
124
126
113
119
178
161
86
43
42
101
172
46
163
132
104
8
184
152
24
65
153
163
16
153
76
174
3
28
166
172
3
35
199
33
116
50
121
101
79
148
175
105
119
156
155
163
159
9
62
112
9
65
105
81
34
152
54
171
163
169
161
92
37
47
45
134
148
84
128
62
5
78
29
124
115
172
140
84
47
111
177
129
111
189
7
49
36
1
133
181
125
54
64
200
152
71
145
10
78
136
174
191
64
147
64
112
145
108
165
62
87
37
39
32
9
62
80
197
42
128
39
139
188
50
166
144
43
76
91
96
19
197
157
92
156
185
186
162
153
90
35
92
63
147
71
112
18
100
98
64
59
40
167
184
136
2
99
69
103
183
17
119
112
46
155
20
182
150
73
35
177
162
200
50
70
107
82
129
28
109
13
173
16
186
165
75
54
20
174
164
183
163
55
49
122
85
191
94
183
72
139
158
89
83
1
111
142
142
127
121
198
151
122
143
152
86
14
65
97
55
137
20
65
191
164
189
76
48
140
139
164
88
90
129
19
17
42
200
67
108
71
89
139
189
174
161
28
130
39
49
145
198
22
95
119
48
63
181
158
9
191
117
134
110
50
140
148
54
131
174
175
155
96
140
140
200
144
92
29
144
53
186
52
130
17
182
57
21
84
187
108
174
195
68
101
22
86
40
99
130
166
56
130
96
188
58
32
59
200
192
19
100
35
141
121
183
58
118
114
133
4
23
111
103
183
124
123
196
5
107
133
76
97
190
84
157
3
133
154
194
73
45
39
17
86
133
125
40
34
143
14
85
39
200
34
164
9
162
65
198
69
17
44
187
99
140
2
23
190
137
54
33
63
9
96
123
84
59
196
57
11
104
19
61
124
22
153
61
76
128
71
106
132
63
88
13
96
176
71
55
189
47
178
167
89
2
156
131
81
74
118
77
12
5
175
61
21
126
160
127
12
23
38
122
172
5
84
35
166
2
37
80
168
28
16
198
46
46
116
75
181
87
59
169
34
107
54
105
61
49
146
155
98
66
184
14
94
152
14
69
101
168
103
77
32
197
81
155
131
79
49
150
94
83
31
14
100
167
136
65
130
67
47
193
162
194
87
55
21
138
160
198
193
112
187
33
147
97
195
75
100
191
161
125
179
108
154
88
4
97
9
60
170
85
77
95
84
112
120
25
96
127
82
139
30
154
48
145
29
98
171
159
152
93
102
15
141
43
61
91
30
110
82
102
184
121
68
198
53
105
32
70
66
36
118
82
174
44
86
184
80
114
120
149
110
10
45
14
89
110
41
119
140
179
137
117
194
36
57
48
86
77
76
62
173
22
179
129
21
33
103
175
163
93
144
178
148
149
47
122
84
11
6
32
78
102
173
151
148
6
49
160
53
24
139
84
193
40
21
149
10
23
185
90
182
72
132
79
91
40
190
123
61
89
134
48
176
187
4
131
142
197
141
116
93
130
192
189
142
122
200
144
117
135
76
176
119
91
41
128
22
52
65
171
27
12
153
74
121
122
127
40
62
32
186
100
124
133
191
81
141
42
126
162
100
138
29
100
132
152
144
182
144
139
57
194
37
16
184
98
65
15
48
137
145
143
108
9
168
67
118
180
169
23
149
90
8
28
30
99
19
174
4
33
36
95
184
57
76
136
143
72
136
147
176
17
99
17
158
50
66
49
175
73
104
167
79
43
116
42
178
69
42
160
9
75
197
73
52
194
146
174
30
23
183
78
33
105
103
101
177
147
94
160
184
192
42
68
181
63
17
174
198
42
56
158
126
99
170
147
128
74
17
22
95
199
178
191
189
108
29
17
78
200
99
108
183
119
185
192
122
8
108
103
18
198
139
37
10
121
74
67
25
26
164
112
32
69
24
147
39
132
137
86
43
148
97
139
9
125
60
141
186
38
39
153
135
20
38
83
175
172
184
63
26
77
20
196
75
70
31
71
150
56
57
187
107
197
165
71
66
115
109
154
127
21
157
14
187
62
56
34
114
110
164
91
168
160
153
163
153
20
50
188
85
117
66
150
172
107
146
105
53
135
64
160
101
26
141
9
20
160
22
67
186
78
35
77
15
64
196
74
99
134
44
1
30
58
58
163
173
122
48
117
163
115
192
195
144
84
135
105
131
14
184
70
115
5
130
149
139
169
88
161
102
78
126
56
60
43
68
174
124
135
65
101
76
51
63
158
134
